0 0.86640625 0.259375 0.015625 0.021875
0 0.4234375 0.2265625 0.01875 0.02109375
0 0.478125 0.34921875 0.03828125 0.04140625
0 0.925 0.22421875 0.01953125 0.01796875
0 0.6078125 0.19609375 0.01328125 0.0140625
0 0.64921875 0.2109375 0.01484375 0.0171875
0 0.565625 0.2078125 0.0140625 0.01796875
0 0.88671875 0.20546875 0.01640625 0.0171875
0 0.83359375 0.1953125 0.01328125 0.01484375
0 0.74140625 0.21640625 0.01171875 0.0140625
0 0.7375 0.21640625 0.0109375 0.01640625
0 0.8328125 0.20078125 0.0140625 0.01640625