0 0.4625 0.6703125 0.090625 0.1625
0 0.39921875 0.3203125 0.034375 0.04609375
0 0.3859375 0.23515625 0.0234375 0.021875
0 0.6828125 0.21171875 0.0203125 0.02265625
0 0.60859375 0.17890625 0.0109375 0.015625
0 0.44140625 0.1734375 0.0125 0.01328125
0 0.6453125 0.15390625 0.01171875 0.0125
0 0.3375 0.19453125 0.01328125 0.0171875
0 0.5640625 0.16875 0.0109375 0.015625
0 0.50078125 0.16875 0.0125 0.01484375
0 0.8328125 0.1515625 0.009375 0.01796875
0 0.78515625 0.1703125 0.01015625 0.01328125
0 0.67265625 0.1578125 0.0109375 0.01328125
0 0.6703125 0.16328125 0.009375 0.01484375