0 0.66796875 0.771875 0.09296875 0.26796875
0 0.54609375 0.296875 0.0296875 0.0296875
0 0.61875 0.19609375 0.01328125 0.015625
0 0.890625 0.23828125 0.015625 0.0203125
0 0.490625 0.2140625 0.015625 0.01953125
0 0.659375 0.1890625 0.0125 0.01484375
0 0.94375 0.19453125 0.0171875 0.01640625
0 0.696875 0.1984375 0.01484375 0.015625
0 0.7828125 0.20546875 0.01171875 0.01484375
0 0.96640625 0.21171875 0.0171875 0.0171875
0 0.88984375 0.1875 0.01328125 0.01484375
0 0.89140625 0.1921875 0.01328125 0.01484375