0 0.41328125 0.45 0.06171875 0.07734375
0 0.29140625 0.23125 0.02265625 0.0234375
0 0.3125 0.29140625 0.03671875 0.0359375
0 0.56328125 0.196875 0.01640625 0.0203125
0 0.23359375 0.19296875 0.0140625 0.01796875
0 0.4578125 0.16640625 0.01171875 0.0140625
0 0.39609375 0.16953125 0.0125 0.01484375
0 0.55625 0.1578125 0.0140625 0.015625
0 0.340625 0.17421875 0.0109375 0.01328125
0 0.4984375 0.17578125 0.01015625 0.01484375
0 0.53359375 0.15234375 0.009375 0.01171875
0 0.3734375 0.16640625 0.00625 0.0109375
0 0.6484375 0.16171875 0.01171875 0.01328125
0 0.69296875 0.1421875 0.00859375 0.01171875