0 0.61640625 0.17265625 0.0125 0.015625
0 0.44296875 0.18828125 0.0140625 0.01953125
0 0.85078125 0.2328125 0.03046875 0.028125
0 0.48984375 0.24140625 0.02109375 0.02578125
0 0.50703125 0.37265625 0.03671875 0.071875
0 0.553125 0.1734375 0.0125 0.01484375
0 0.78125 0.159375 0.0140625 0.01796875
0 0.9921875 0.18203125 0.01484375 0.0171875
0 0.746875 0.190625 0.0140625 0.01875
0 0.58828125 0.1671875 0.009375 0.0125
0 0.68828125 0.171875 0.00703125 0.015625
0 0.825 0.17109375 0.01015625 0.0109375
0 0.82109375 0.159375 0.0125 0.0109375