0 0.26875 0.228125 0.0125 0.0171875
0 0.00859375 0.21796875 0.0140625 0.0140625
0 0.05078125 0.21875 0.0140625 0.01484375
0 0.24453125 0.19375 0.01328125 0.0140625
0 0.775 0.2609375 0.028125 0.02578125
0 0.18359375 0.21796875 0.01015625 0.01328125
0 0.36796875 0.184375 0.01015625 0.01328125
0 0.32734375 0.196875 0.0109375 0.01328125
0 0.03828125 0.31171875 0.053125 0.03125
0 0.1359375 0.21328125 0.01015625 0.0109375
0 0.234375 0.2046875 0.0125 0.01171875
0 0.215625 0.19453125 0.009375 0.01171875
0 0.25859375 0.325 0.0421875 0.034375