0 0.446875 0.5703125 0.07890625 0.115625
0 0.30078125 0.19609375 0.01171875 0.01640625
0 0.36640625 0.31484375 0.034375 0.04453125
0 0.35234375 0.2375 0.021875 0.0234375
0 0.4625 0.1734375 0.01171875 0.01328125
0 0.4046875 0.18046875 0.0125 0.01328125
0 0.56640625 0.18359375 0.01171875 0.01640625
0 0.5296875 0.17265625 0.0140625 0.015625
0 0.640625 0.21015625 0.01796875 0.02265625
0 0.77734375 0.15390625 0.01015625 0.0140625
0 0.603125 0.15625 0.00859375 0.0125
0 0.62734375 0.16640625 0.009375 0.0140625
0 0.63359375 0.15703125 0.01015625 0.00859375
0 0.73359375 0.17265625 0.0078125 0.0125