0 0.50703125 0.24296875 0.02265625 0.02421875
0 0.459375 0.18828125 0.01640625 0.0203125
0 0.5328125 0.38203125 0.034375 0.078125
0 0.8875 0.23671875 0.0328125 0.0296875
0 0.809375 0.15859375 0.015625 0.01484375
0 0.60625 0.16796875 0.01171875 0.01328125
0 0.6390625 0.1734375 0.0125 0.01484375
0 0.775 0.1921875 0.01328125 0.01875
0 0.5703125 0.17421875 0.01328125 0.0140625
0 0.85625 0.17109375 0.0125 0.01640625
0 0.85078125 0.159375 0.0140625 0.01640625
0 0.71171875 0.1734375 0.0109375 0.01640625