0 0.465625 0.6984375 0.09609375 0.17890625
0 0.409375 0.3203125 0.03359375 0.05
0 0.39375 0.23359375 0.02109375 0.02421875
0 0.6984375 0.21015625 0.02109375 0.021875
0 0.61953125 0.178125 0.0109375 0.0171875
0 0.50859375 0.1671875 0.0125 0.0140625
0 0.3453125 0.1875 0.0140625 0.0171875
0 0.65546875 0.153125 0.01171875 0.01328125
0 0.68359375 0.15625 0.0109375 0.01328125
0 0.45078125 0.17109375 0.01171875 0.01484375
0 0.8484375 0.146875 0.0109375 0.0171875
0 0.571875 0.165625 0.0109375 0.0125
0 0.484375 0.16328125 0.009375 0.009375
0 0.80234375 0.16953125 0.01328125 0.0203125