0 0.47109375 0.77734375 0.1078125 0.21640625
0 0.42421875 0.32421875 0.03203125 0.05859375
0 0.409375 0.23125 0.02265625 0.0234375
0 0.72109375 0.21171875 0.02265625 0.0234375
0 0.82890625 0.16875 0.01171875 0.01484375
0 0.53046875 0.16484375 0.0125 0.0140625
0 0.46640625 0.16875 0.0125 0.01640625
0 0.64296875 0.17578125 0.0109375 0.015625
0 0.3609375 0.1890625 0.0125 0.015625
0 0.878125 0.14453125 0.01015625 0.01484375
0 0.70703125 0.1546875 0.01171875 0.0140625
0 0.59140625 0.1609375 0.01171875 0.01171875
0 0.675 0.15078125 0.01171875 0.01328125
0 0.5015625 0.16015625 0.01015625 0.0125