0 0.034375 0.2734375 0.0265625 0.025
0 0.28125 0.33984375 0.040625 0.04921875
0 0.04609375 0.21875 0.01328125 0.0140625
0 0.19453125 0.20859375 0.0125 0.01484375
0 0.378125 0.1921875 0.01171875 0.01484375
0 0.31640625 0.22421875 0.01171875 0.015625
0 0.08046875 0.21171875 0.01171875 0.0140625
0 0.11796875 0.21328125 0.01328125 0.01328125
0 0.23984375 0.21328125 0.01015625 0.0125
0 0.4171875 0.1796875 0.01015625 0.01484375
0 0.27109375 0.18984375 0.00859375 0.0109375
0 0.0859375 0.31015625 0.04375 0.03203125
0 0.28828125 0.19765625 0.0109375 0.01484375
0 0.2984375 0.1875 0.0109375 0.01171875