0 0.12265625 0.253125 0.02578125 0.0265625
0 0.015625 0.21953125 0.01875 0.01875
0 0.32265625 0.34296875 0.0453125 0.04765625
0 0.38984375 0.20859375 0.01171875 0.0171875
0 0.32109375 0.18984375 0.01015625 0.01484375
0 0.28125 0.18515625 0.01171875 0.0125
0 0.38203125 0.16875 0.0109375 0.0125
0 0.3703125 0.17734375 0.01171875 0.01171875
0 0.15 0.19609375 0.0109375 0.0125
0 0.4546875 0.17578125 0.0109375 0.0125
0 0.21328125 0.18828125 0.0125 0.0140625
0 0.18046875 0.1875 0.01015625 0.01171875
0 0.3515625 0.1703125 0.00859375 0.0125
0 0.49765625 0.1609375 0.00859375 0.0109375
0 0.1609375 0.28984375 0.04453125 0.03125