0 0.59453125 0.45859375 0.04296875 0.11328125
0 0.54765625 0.259375 0.02578125 0.02578125
0 0.85078125 0.203125 0.0125 0.01875
0 0.76953125 0.18046875 0.01171875 0.01640625
0 0.65625 0.1703125 0.0109375 0.01328125
0 0.69140625 0.1765625 0.0125 0.015625
0 0.49921875 0.18984375 0.0140625 0.01796875
0 0.6171875 0.17578125 0.0125 0.01640625
0 0.8765625 0.1640625 0.015625 0.01640625
0 0.9265625 0.1640625 0.01796875 0.015625
0 0.934375 0.178125 0.01171875 0.01640625
0 0.990625 0.25703125 0.01875 0.0328125