0 0.07734375 0.2640625 0.0265625 0.0265625
0 0.121875 0.296875 0.04296875 0.03046875
0 0.3 0.3359375 0.04296875 0.0421875
0 0.0984375 0.2078125 0.0109375 0.01328125
0 0.08203125 0.25859375 0.0265625 0.02421875
0 0.2390625 0.19296875 0.01328125 0.01484375
0 0.13203125 0.196875 0.0109375 0.0125
0 0.35078125 0.2140625 0.01171875 0.01640625
0 0.33046875 0.18359375 0.01328125 0.01484375
0 0.16640625 0.20234375 0.0125 0.0140625
0 0.95859375 0.27734375 0.040625 0.03671875
0 0.2796875 0.19765625 0.01015625 0.0125
0 0.3078125 0.17890625 0.00859375 0.0125
0 0.45546875 0.165625 0.00703125 0.009375
0 0.41640625 0.18515625 0.01328125 0.01484375