0 0.48046875 0.875 0.121875 0.25
0 0.44140625 0.33046875 0.03359375 0.059375
0 0.42734375 0.23125 0.02265625 0.0234375
0 0.7453125 0.2140625 0.02578125 0.02578125
0 0.38046875 0.18359375 0.01328125 0.01796875
0 0.54765625 0.16484375 0.01328125 0.0140625
0 0.7296875 0.15546875 0.01171875 0.0140625
0 0.69765625 0.1484375 0.01171875 0.01328125
0 0.4859375 0.16796875 0.01171875 0.01484375
0 0.9078125 0.14609375 0.009375 0.015625
0 0.66328125 0.178125 0.01171875 0.0171875
0 0.6140625 0.16640625 0.0109375 0.0125
0 0.8625 0.16640625 0.01171875 0.01484375
0 0.51875 0.1609375 0.00703125 0.009375