0 0.26796875 0.22890625 0.021875 0.02109375
0 0.39765625 0.41953125 0.0546875 0.06171875
0 0.5359375 0.1921875 0.0171875 0.0203125
0 0.2046875 0.19296875 0.0140625 0.01796875
0 0.28671875 0.28515625 0.03984375 0.03515625
0 0.36875 0.16875 0.0125 0.01484375
0 0.43203125 0.16484375 0.01171875 0.0140625
0 0.46796875 0.1734375 0.01015625 0.01328125
0 0.52265625 0.16015625 0.01015625 0.01875
0 0.34296875 0.16640625 0.0078125 0.01015625
0 0.3109375 0.17265625 0.0125 0.01328125
0 0.503125 0.14921875 0.0109375 0.0140625
0 0.53203125 0.15234375 0.0109375 0.01875