0 0.5734375 0.4265625 0.03671875 0.09609375
0 0.53828125 0.25234375 0.02421875 0.02734375
0 0.82734375 0.19453125 0.01328125 0.01875
0 0.6046875 0.1734375 0.0140625 0.01484375
0 0.4890625 0.1875 0.01328125 0.01875
0 0.6421875 0.16953125 0.009375 0.0125
0 0.6734375 0.1734375 0.0140625 0.01484375
0 0.853125 0.159375 0.0140625 0.01640625
0 0.96015625 0.24921875 0.04140625 0.03203125
0 0.909375 0.175 0.0109375 0.01640625
0 0.90234375 0.159375 0.01796875 0.01796875
0 0.75234375 0.175 0.01015625 0.0140625