0 0.46875 0.2390625 0.02265625 0.025
0 0.59609375 0.16953125 0.01328125 0.015625
0 0.48984375 0.3578125 0.03203125 0.0640625
0 0.81875 0.22734375 0.0265625 0.0265625
0 0.53359375 0.17265625 0.01015625 0.0140625
0 0.75703125 0.15625 0.0125 0.015625
0 0.4265625 0.1859375 0.015625 0.01796875
0 0.94921875 0.1765625 0.01328125 0.01640625
0 0.79375 0.16640625 0.0140625 0.015625
0 0.72265625 0.18828125 0.0140625 0.01953125
0 0.66640625 0.17109375 0.00859375 0.0140625
0 0.5671875 0.16171875 0.0078125 0.0125
0 0.79296875 0.15546875 0.01328125 0.01015625