0 0.465625 0.3453125 0.0296875 0.06171875
0 0.7875 0.22109375 0.0265625 0.02578125
0 0.4515625 0.234375 0.021875 0.02265625
0 0.47421875 0.9546875 0.11328125 0.08046875
0 0.40546875 0.184375 0.01328125 0.01796875
0 0.73046875 0.1546875 0.01328125 0.0171875
0 0.69921875 0.18125 0.0109375 0.01640625
0 0.57421875 0.16640625 0.0125 0.01484375
0 0.76796875 0.15546875 0.0125 0.0140625
0 0.51328125 0.1703125 0.01015625 0.01484375
0 0.54765625 0.16171875 0.009375 0.0109375
0 0.91015625 0.1734375 0.0125 0.015625
0 0.64453125 0.1671875 0.00859375 0.0109375
0 0.965625 0.146875 0.01171875 0.01640625
0 0.91484375 0.1734375 0.0125 0.015625