0 0.37109375 0.37421875 0.05234375 0.0515625
0 0.21328125 0.23203125 0.0234375 0.02421875
0 0.23671875 0.28125 0.0375 0.02734375
0 0.13515625 0.19765625 0.015625 0.0171875
0 0.47890625 0.190625 0.01328125 0.01953125
0 0.3078125 0.171875 0.01171875 0.0125
0 0.28359375 0.1703125 0.0078125 0.0109375
0 0.59375 0.146875 0.00859375 0.0125
0 0.25390625 0.178125 0.01015625 0.01328125
0 0.4671875 0.15546875 0.0125 0.0140625
0 0.44375 0.15390625 0.00859375 0.0109375
0 0.375 0.16796875 0.0109375 0.01484375
0 0.4625 0.15703125 0.009375 0.01171875
0 0.13828125 0.20078125 0.01640625 0.01796875
0 0.40859375 0.175 0.01015625 0.01328125
0 0.55078125 0.159375 0.0078125 0.0125