0 0.2953125 0.33671875 0.0421875 0.04296875
0 0.06875 0.265625 0.025 0.025
0 0.3421875 0.21953125 0.0125 0.01875
0 0.15625 0.20625 0.01328125 0.0140625
0 0.11953125 0.2046875 0.01171875 0.0125
0 0.2703125 0.20703125 0.01015625 0.0140625
0 0.0828125 0.21171875 0.01171875 0.0125
0 0.33046875 0.18046875 0.01015625 0.0125
0 0.228125 0.19765625 0.01328125 0.0140625
0 0.11484375 0.30078125 0.0453125 0.0296875
0 0.31796875 0.1890625 0.01171875 0.0125
0 0.446875 0.17421875 0.009375 0.0125
0 0.4046875 0.18671875 0.01171875 0.01328125
0 0.3 0.18125 0.0078125 0.009375
0 0.928125 0.271875 0.0390625 0.0359375