0 0.42578125 0.4796875 0.06640625 0.08359375
0 0.328125 0.29921875 0.03671875 0.0390625
0 0.30859375 0.23125 0.021875 0.0234375
0 0.5828125 0.2046875 0.01875 0.021875
0 0.25546875 0.19375 0.0140625 0.01796875
0 0.4796875 0.16796875 0.0125 0.01484375
0 0.41875 0.17109375 0.01171875 0.01328125
0 0.515625 0.178125 0.01015625 0.0140625
0 0.66953125 0.16640625 0.01015625 0.01328125
0 0.39140625 0.16953125 0.00859375 0.0109375
0 0.578125 0.1546875 0.0109375 0.01328125
0 0.35859375 0.17578125 0.01171875 0.0140625
0 0.715625 0.1484375 0.009375 0.0109375
0 0.55234375 0.153125 0.009375 0.01171875
0 0.5734375 0.1625 0.0140625 0.0140625