0 0.39453125 0.41171875 0.05546875 0.05859375
0 0.259375 0.228125 0.021875 0.02109375
0 0.190625 0.19296875 0.0140625 0.01796875
0 0.278125 0.2828125 0.0390625 0.0328125
0 0.35703125 0.16796875 0.01328125 0.01484375
0 0.52265625 0.190625 0.01484375 0.0203125
0 0.4234375 0.16484375 0.0109375 0.0125
0 0.45859375 0.171875 0.009375 0.0125
0 0.30078125 0.17421875 0.01015625 0.0125
0 0.51953125 0.15 0.0125 0.0125
0 0.33359375 0.1671875 0.0078125 0.009375
0 0.49375 0.1484375 0.0109375 0.01171875
0 0.19453125 0.19765625 0.0140625 0.01640625
0 0.5125 0.15859375 0.0140625 0.01484375
0 0.646875 0.14375 0.00859375 0.01796875
0 0.60390625 0.1578125 0.009375 0.0125