0 0.02421875 0.27421875 0.0265625 0.02265625
0 0.27734375 0.3359375 0.04296875 0.04375
0 0.0296875 0.22109375 0.01171875 0.01328125
0 0.36796875 0.19296875 0.0109375 0.0140625
0 0.303125 0.22578125 0.01171875 0.015625
0 0.10703125 0.2140625 0.0125 0.0140625
0 0.40625 0.18125 0.01015625 0.01328125
0 0.06796875 0.2140625 0.0109375 0.0140625
0 0.26015625 0.19140625 0.00859375 0.0125
0 0.22890625 0.21484375 0.01015625 0.0140625
0 0.28828125 0.18984375 0.0109375 0.0140625
0 0.278125 0.20078125 0.0109375 0.01640625
0 0.18515625 0.20859375 0.01171875 0.0140625
0 0.0765625 0.30859375 0.04453125 0.02890625