0 0.1328125 0.16953125 0.01875 0.0171875
0 0.65546875 0.17265625 0.0171875 0.01953125
0 0.59296875 0.315625 0.0625 0.04609375
0 0.215625 0.134375 0.0125 0.01484375
0 0.20546875 0.1828125 0.01796875 0.01875
0 0.31953125 0.1515625 0.0125 0.021875
0 0.30625 0.1359375 0.00859375 0.0140625
0 0.32890625 0.12578125 0.00703125 0.009375
0 0.1890625 0.14296875 0.0109375 0.0140625
0 0.1328125 0.1359375 0.00859375 0.00859375
0 0.04765625 0.13828125 0.015625 0.009375
0 0.01015625 0.13359375 0.01328125 0.00859375
0 0.18046875 0.13046875 0.00546875 0.0109375