0 0.14609375 0.24609375 0.02421875 0.0265625
0 0.3328125 0.3484375 0.0453125 0.0453125
0 0.046875 0.215625 0.01875 0.01953125
0 0.2359375 0.18984375 0.0125 0.0140625
0 0.3015625 0.18125 0.01171875 0.0140625
0 0.20703125 0.184375 0.00859375 0.01015625
0 0.40859375 0.20625 0.01015625 0.01640625
0 0.17265625 0.19140625 0.01015625 0.0125
0 0.5171875 0.1609375 0.01015625 0.01171875
0 0.1796875 0.28984375 0.04140625 0.02734375
0 0.34140625 0.19140625 0.0109375 0.01328125
0 0.47890625 0.1734375 0.01015625 0.0125
0 0.3921875 0.171875 0.01171875 0.01328125
0 0.34140625 0.18671875 0.01015625 0.0140625
0 0.40078125 0.165625 0.01015625 0.01171875
0 0.3734375 0.16484375 0.01015625 0.01015625